%YAML:1.0

# Topic name in rosbag
PointCloudTopic: "/livox/lidar"
ImageTopic: "/camera/color/image_raw"

ExtrinsicMat: !!opencv-matrix
  rows: 4
  cols: 4
  dt: d
  data: [  -0.00433701, -0.999814, 0.0188181, -0.0375388, 
          -0.000481115, -0.0188162, -0.999823, 0.0867586, 
          0.99999, -0.00434529, -0.000399419, -0.0456878, 
          0 , 0 , 0 , 1]

          
    
# best T_l_to_cam 
# -0.0043262 , -0.999813 , 0.0188346 , -0.0375511, 
# -0.000492618, -0.0188326, -0.999823, 0.0868716, 
# 0.999991, -0.00433472, -0.000411052, -0.0453107, 
# 0, 0, 0, 1


# -0.00433701, -0.999814, 0.0188181, -0.0375388, 
# -0.000481115, -0.0188162, -0.999823, 0.0867586, 
# 0.99999, -0.00434529, -0.000399419, -0.0456878, 
# 0,0,0,1

# -0.00436799, -0.999906, 0.0129884, -0.0383903, 
# 0.00285178, -0.0130009, -0.999911, 0.044731, 
# 0.999986, -0.00433056, 0.0029083, -0.0431918, 
# 0,0,0,1


# Params for Canny Edge Extraction

Canny.gray_threshold: 10
Canny.len_threshold: 100

# Params for Voxel Cutting & Plane Fitting & Edge Extraction
Voxel.size: 1
Voxel.down_sample_size: 0.02
Plane.min_points_size: 30
Plane.normal_theta_min: 45
Plane.normal_theta_max: 135
Plane.max_size: 8
Ransac.dis_threshold: 0.02
Edge.min_dis_threshold: 0.03
Edge.max_dis_threshold: 0.06
